start=252.766667
volume=110.000000
fullscreen=yes
