start=3191.897042
volume=80.000000
fullscreen=yes
