start=2587.147000
volume=80.000000
sub-visibility=no
