start=1491.678000
volume=130.000000
fullscreen=yes
