start=734.442000
pause=yes
volume=90.000000
